tmp:
 0:  0  8 16 24
 1:  0  8 16 24
 2:  1  9 17 25
 3:  1  9 17 25
 4:  2 10 18 26
 5:  2 10 18 26
 6:  3 11 19 27
 7:  3 11 19 27
 8:  4 12 20 28
 9:  4 12 20 28
10:  5 13 21 29
11:  5 13 21 29
12:  6 14 22 30
13:  6 14 22 30
14:  7 15 23 31
15:  7 15 23 31

========= #0 ==========

shuffle:
1 0 3 2 
2 4 6 7 14 9 5 3 10 13 12 1 11 8 15 0 

sel B: 0

tmp2:
 0:  8  0 24 16
 1: 16 24  0  8
 2:  1 17  9 25
 3: 25  9 17  1
 4: 10 26 18  2
 5: 18  2 10 26
 6:  3 11 27 19
 7: 27 19  3 11
 8: 12 20  4 28
 9: 20 12 28  4
10:  5 29 21 13
11: 29  5 13 21
12: 14  6 22 30
13: 22 30 14  6
14:  7 23 31 15
15: 31 15  7 23


final:
 0:  1 17  9 25
 1: 10 26 18  2
 2:  3 11 27 19
 3: 27 19  3 11
 4:  7 23 31 15
 5: 20 12 28  4
 6: 18  2 10 26
 7: 25  9 17  1
 8:  5 29 21 13
 9: 22 30 14  6
10: 14  6 22 30
11: 16 24  0  8
12: 29  5 13 21
13: 12 20  4 28
14: 31 15  7 23
15:  8  0 24 16


========= #1 ==========

shuffle:
1 0 2 3 
8 5 4 7 9 11 10 1 15 0 2 12 14 3 13 6 

sel B: 2

tmp2:
 0:  8  0 16 24
 1: 24 16  0  8
 2:  1 25  9 17
 3: 17  9 25  1
 4: 10 18 26  2
 5: 26  2 10 18
 6:  3 11 19 27
 7: 19 27  3 11
 8: 12 28  4 20
 9: 28 12 20  4
10:  5 21 29 13
11: 21  5 13 29
12: 14 30 22  6
13: 30 14  6 22
14:  7 23 15 31
15: 23  7 31 15


final:
 0: 12 28  4 20
 1: 26  2 10 18
 2: 10 18 26  2
 3: 19 27  3 11
 4: 28 12 20  4
 5: 21  5 13 29
 6:  5 21 29 13
 7: 24 16  0  8
 8: 23  7 31 15
 9:  8  0 16 24
10:  1 25  9 17
11: 14 30 22  6
12:  7 23 15 31
13: 17  9 25  1
14: 30 14  6 22
15:  3 11 19 27


========= #2 ==========

shuffle:
1 2 3 0 
2 10 4 9 5 1 13 15 3 7 12 14 0 6 8 11 

sel B: 1

tmp2:
 0:  8 16 24  0
 1:  0 24 16  8
 2: 17  1  9 25
 3: 25  9  1 17
 4: 10 26  2 18
 5:  2 18 10 26
 6: 19 11 27  3
 7: 27  3 19 11
 8: 12  4 20 28
 9:  4 12 28 20
10: 21 29  5 13
11: 29 21 13  5
12: 14 30 22  6
13:  6 22 30 14
14: 23 15  7 31
15: 31  7 15 23


final:
 0: 17  1  9 25
 1: 21 29  5 13
 2: 10 26  2 18
 3:  4 12 28 20
 4:  2 18 10 26
 5:  0 24 16  8
 6:  6 22 30 14
 7: 31  7 15 23
 8: 25  9  1 17
 9: 27  3 19 11
10: 14 30 22  6
11: 23 15  7 31
12:  8 16 24  0
13: 19 11 27  3
14: 12  4 20 28
15: 29 21 13  5


========= #3 ==========

shuffle:
2 1 0 3 
3 13 5 2 1 14 9 8 6 11 4 10 7 15 0 12 

sel B: 2

tmp2:
 0: 16  8  0 24
 1: 24  0  8 16
 2:  9 25 17  1
 3:  1 17 25  9
 4: 18  2 26 10
 5: 26 10 18  2
 6: 11 19  3 27
 7:  3 27 11 19
 8: 20 28 12  4
 9: 28 20  4 12
10: 13  5 29 21
11:  5 13 21 29
12: 22 30  6 14
13: 30 22 14  6
14: 15  7 23 31
15:  7 15 31 23


final:
 0:  1 17 25  9
 1: 30 22 14  6
 2: 26 10 18  2
 3:  9 25 17  1
 4: 24  0  8 16
 5: 15  7 23 31
 6: 28 20  4 12
 7: 20 28 12  4
 8: 11 19  3 27
 9:  5 13 21 29
10: 18  2 26 10
11: 13  5 29 21
12:  3 27 11 19
13:  7 15 31 23
14: 16  8  0 24
15: 22 30  6 14


========= #4 ==========

shuffle:
3 0 2 1 
11 7 15 4 13 6 10 3 1 12 0 14 2 9 5 8 

sel B: 1

tmp2:
 0: 24  0 16  8
 1:  8 16  0 24
 2:  1  9 25 17
 3: 17 25  9  1
 4: 26 18 10  2
 5: 10  2 26 18
 6:  3 27 19 11
 7: 19 11  3 27
 8: 28 12  4 20
 9: 12 28 20  4
10:  5 21 13 29
11: 21  5 29 13
12: 30 22  6 14
13: 14  6 22 30
14:  7 31 15 23
15: 23 15 31  7


final:
 0: 21  5 29 13
 1: 19 11  3 27
 2: 23 15 31  7
 3: 26 18 10  2
 4: 14  6 22 30
 5:  3 27 19 11
 6:  5 21 13 29
 7: 17 25  9  1
 8:  8 16  0 24
 9: 30 22  6 14
10: 24  0 16  8
11:  7 31 15 23
12:  1  9 25 17
13: 12 28 20  4
14: 10  2 26 18
15: 28 12  4 20

