tmp:
 0:  0 16 32 48
 1:  1 17 33 49
 2:  2 18 34 50
 3:  3 19 35 51
 4:  4 20 36 52
 5:  5 21 37 53
 6:  6 22 38 54
 7:  7 23 39 55
 8:  8 24 40 56
 9:  9 25 41 57
10: 10 26 42 58
11: 11 27 43 59
12: 12 28 44 60
13: 13 29 45 61
14: 14 30 46 62
15: 15 31 47 63

========= #0 ==========

shuffle:
1 2 3 0 
8 4 0 13 15 10 7 6 2 3 9 12 1 5 11 14 

sel B: 1

tmp2:
 0: 16 32 48  0
 1:  1 49 33 17
 2: 34  2 18 50
 3: 51 19  3 35
 4: 20 52  4 36
 5:  5 37 21 53
 6: 38 22 54  6
 7: 55  7 39 23
 8: 24  8 40 56
 9:  9 25 57 41
10: 42 58 10 26
11: 59 43 27 11
12: 28 60 44 12
13: 13 45 61 29
14: 46 30 14 62
15: 63 15 31 47


final:
 0: 24  8 40 56
 1: 20 52  4 36
 2: 16 32 48  0
 3: 13 45 61 29
 4: 63 15 31 47
 5: 42 58 10 26
 6: 55  7 39 23
 7: 38 22 54  6
 8: 34  2 18 50
 9: 51 19  3 35
10:  9 25 57 41
11: 28 60 44 12
12:  1 49 33 17
13:  5 37 21 53
14: 59 43 27 11
15: 46 30 14 62


========= #1 ==========

shuffle:
3 1 0 2 
15 4 0 14 1 9 6 8 10 2 5 12 13 11 7 3 

sel B: 1

tmp2:
 0: 48 16  0 32
 1: 33  1 17 49
 2: 18 34 50  2
 3:  3 51 35 19
 4: 52  4 36 20
 5: 37 21 53  5
 6: 22 54  6 38
 7:  7 39 23 55
 8: 56 40 24  8
 9: 41 57  9 25
10: 26 10 42 58
11: 11 27 59 43
12: 60 12 28 44
13: 45 29 13 61
14: 30 62 46 14
15: 15 47 63 31


final:
 0: 15 47 63 31
 1: 52  4 36 20
 2: 48 16  0 32
 3: 30 62 46 14
 4: 33  1 17 49
 5: 41 57  9 25
 6: 22 54  6 38
 7: 56 40 24  8
 8: 26 10 42 58
 9: 18 34 50  2
10: 37 21 53  5
11: 60 12 28 44
12: 45 29 13 61
13: 11 27 59 43
14:  7 39 23 55
15:  3 51 35 19


========= #2 ==========

shuffle:
1 2 0 3 
10 7 6 14 2 4 0 1 3 5 8 12 15 9 11 13 

sel B: 1

tmp2:
 0: 16 32  0 48
 1: 49  1 33 17
 2: 34 50 18  2
 3:  3 19 51 35
 4: 20  4 52 36
 5: 53 37 21  5
 6: 38 22  6 54
 7:  7 55 39 23
 8: 24 56 40  8
 9: 57 25  9 41
10: 42 10 58 26
11: 11 43 27 59
12: 28 12 44 60
13: 61 45 13 29
14: 46 30 62 14
15: 15 63 31 47


final:
 0: 42 10 58 26
 1:  7 55 39 23
 2: 38 22  6 54
 3: 46 30 62 14
 4: 34 50 18  2
 5: 20  4 52 36
 6: 16 32  0 48
 7: 49  1 33 17
 8:  3 19 51 35
 9: 53 37 21  5
10: 24 56 40  8
11: 28 12 44 60
12: 15 63 31 47
13: 57 25  9 41
14: 11 43 27 59
15: 61 45 13 29


========= #3 ==========

shuffle:
2 3 1 0 
11 1 15 3 13 2 7 4 14 6 10 8 9 5 0 12 

sel B: 1

tmp2:
 0: 32 48 16  0
 1:  1 17 49 33
 2: 50  2 34 18
 3: 19 35  3 51
 4: 36 20  4 52
 5:  5 53 37 21
 6: 54 38 22  6
 7: 23  7 55 39
 8: 40  8 56 24
 9:  9 41 25 57
10: 58 26 10 42
11: 27 59 43 11
12: 44 28 60 12
13: 13 61 29 45
14: 62 46 14 30
15: 31 15 47 63


final:
 0: 27 59 43 11
 1:  1 17 49 33
 2: 31 15 47 63
 3: 19 35  3 51
 4: 13 61 29 45
 5: 50  2 34 18
 6: 23  7 55 39
 7: 36 20  4 52
 8: 62 46 14 30
 9: 54 38 22  6
10: 58 26 10 42
11: 40  8 56 24
12:  9 41 25 57
13:  5 53 37 21
14: 32 48 16  0
15: 44 28 60 12


========= #4 ==========

shuffle:
2 1 0 3 
1 12 3 14 10 6 8 0 11 5 7 15 2 13 9 4 

sel B: 1

tmp2:
 0: 32 16  0 48
 1: 49  1 17 33
 2: 18 50 34  2
 3:  3 35 51 19
 4: 36  4 52 20
 5: 53 21 37  5
 6: 22 38  6 54
 7:  7 55 23 39
 8: 40 56 24  8
 9: 57 41  9 25
10: 26 10 58 42
11: 11 27 43 59
12: 44 12 28 60
13: 61 29 13 45
14: 30 46 62 14
15: 15 63 47 31


final:
 0: 49  1 17 33
 1: 44 12 28 60
 2:  3 35 51 19
 3: 30 46 62 14
 4: 26 10 58 42
 5: 22 38  6 54
 6: 40 56 24  8
 7: 32 16  0 48
 8: 11 27 43 59
 9: 53 21 37  5
10:  7 55 23 39
11: 15 63 47 31
12: 18 50 34  2
13: 61 29 13 45
14: 57 41  9 25
15: 36  4 52 20

